0.1183556616306305
0.15154005587100983
0.018639273941516876
0.21723611652851105
0.15362943708896637
0.07110294699668884
0.024807365611195564
0.05664525926113129
0.1426626741886139
0.27293241024017334
0.09240110963582993
0.2605448365211487
0.14142827689647675
0.20666933059692383
0.15684498846530914
0.24388077855110168
0.1670708805322647
0.3414512872695923
0.1624937355518341
0.10956095159053802
0.2885841131210327
0.23671479523181915
0.12033340334892273
0.10255058854818344
0.37229499220848083
0.32007265090942383
0.06634988635778427
0.2140180617570877
0.10731472820043564
0.05562198534607887
0.1355646699666977
-0.011004645377397537
0.11751290410757065
0.09617582708597183
0.018616698682308197
-0.07386563718318939
-0.00025266408920288086
-0.21002532541751862
-0.12424954771995544
-0.06030923128128052
-0.2369793951511383
0.06702843308448792
-0.3425678312778473
-0.0027147382497787476
-0.20607534050941467
-0.25142571330070496
-0.2734408974647522
-0.06921161711215973
-0.0032979920506477356
-0.19652949273586273
-0.35647159814834595
-0.1922128051519394
-0.04083917662501335
-0.35724490880966187
-0.2758136987686157
-0.24100302159786224
-0.1486373245716095
-0.4089435636997223
-0.3862304091453552
-0.15088066458702087
-0.30754584074020386
-0.46033865213394165
-0.36856573820114136
-0.3032132685184479
-0.31475573778152466
-0.5070597529411316
-0.29213660955429077
-0.504401445388794
-0.4394080638885498
-0.5322426557540894
-0.5235167741775513
-0.16472148895263672
-0.4221910834312439
-0.6151188015937805
-0.5473561882972717
-0.622687816619873
-0.5912450551986694
-0.6441413760185242
-0.6426384449005127
-0.5824992060661316
-0.6618517637252808
-0.640606164932251
-0.6269019246101379
-0.6962758898735046
-0.40918371081352234
-0.6017979383468628
-0.4902304410934448
-0.7493715286254883
-0.6158756017684937
-0.7057395577430725
-0.7887221574783325
-0.7970048189163208
-0.7696598768234253
-0.6983503699302673
-0.6079723238945007
-0.8409335613250732
-0.8493649959564209
-0.8123046159744263
-0.6939494609832764
-0.8868106603622437
-0.8562195301055908
-0.6455178260803223
-0.5376229882240295
-0.42023995518684387
-0.3653636872768402
-0.09139244258403778
-0.10600632429122925
0.16170290112495422
0.3697650134563446
0.4328710436820984
0.4287956953048706
0.4939116835594177
0.938856303691864
1.0593831539154053
0.7064336538314819
0.8829560279846191
1.4003665447235107
1.1623804569244385
1.4824576377868652
1.1160391569137573
1.324683427810669
1.5660254955291748
1.041123628616333
1.622004747390747
0.6200034618377686
1.1041340827941895
1.3167628049850464
0.5563462376594543
0.893220067024231
0.923633337020874
1.0279762744903564
0.6398783922195435
0.532845675945282
0.11515364795923233
0.14318278431892395
0.3546558618545532
0.5839077234268188
0.1851828396320343
-0.37878161668777466
0.5231940150260925
0.40869438648223877
0.016326546669006348
-0.05219906568527222
0.321109414100647
-0.3033152222633362
0.21629171073436737
-0.03174804151058197
-0.3702240586280823
-0.5952341556549072
-0.6880061030387878
-0.5915629863739014
-0.6255807876586914
-0.9208630919456482
0.14128617942333221
-0.9308774471282959
-0.5172953009605408
-0.8355993032455444
-0.4362974762916565
-0.9114711284637451
-1.110466718673706
-0.8416522741317749
-1.1092278957366943
-1.096116065979004
-0.9801005721092224
-0.8281810879707336
-1.0605812072753906
-1.3751018047332764
-0.7974319458007812
-0.26746276021003723
-0.7037705779075623
-1.0196837186813354
-1.2949901819229126
-1.5021145343780518
-1.5860154628753662
-1.5493929386138916
-1.4031178951263428
-1.537766456604004
-1.7668440341949463
-1.8709572553634644
-1.9725618362426758
-1.5864512920379639
-1.6707756519317627
-1.7594006061553955
-1.3631932735443115
-1.5419108867645264
-1.853661298751831
-1.945414423942566
-1.8544045686721802
-1.6014686822891235
-2.1254968643188477
-2.1270902156829834
-1.574792742729187
-1.872023344039917
-2.0055112838745117
-2.0794453620910645
-1.9544169902801514
-2.4434261322021484
-1.9196618795394897
-2.2853384017944336
-2.055243492126465
-2.1320972442626953
-1.8841805458068848
-1.06532883644104
-0.6546081304550171
-0.6596782803535461
0.019967105239629745
0.3331909477710724
0.36209988594055176
0.7635703682899475
1.1707704067230225
1.583889126777649
1.6179139614105225
2.4616286754608154
2.1643238067626953
2.440608501434326
3.236515998840332
3.458658218383789
3.3829407691955566
3.788743495941162
3.9515156745910645
3.4840784072875977
3.3494739532470703
3.1196587085723877
3.0615720748901367
3.5590310096740723
2.951808452606201
3.0172576904296875
2.820547580718994
3.0989818572998047
2.4654407501220703
2.9500246047973633
2.4456186294555664
2.1809134483337402
2.3744330406188965
2.1022181510925293
2.015155792236328
1.9735016822814941
2.0023319721221924
1.847553014755249
2.0394952297210693
1.8967046737670898
2.1343469619750977
1.6577799320220947
1.654369592666626
1.9201862812042236
1.7300336360931396
1.4561760425567627
1.6777865886688232
1.3093886375427246
1.3104066848754883
1.6756591796875
1.5111439228057861
1.3650645017623901
1.3088388442993164
1.3552953004837036
1.2903835773468018
1.1768956184387207
1.805319905281067
1.2077175378799438
1.2306214570999146
1.2761342525482178
1.3350331783294678
1.0940512418746948
1.0134835243225098
1.1878037452697754
0.9627838730812073
1.6324660778045654
1.0193638801574707
1.0139080286026
0.9065965414047241
1.1752519607543945
0.994870126247406
0.999866247177124
0.9455112814903259
0.8144375085830688
0.8813740015029907
0.9170312881469727
0.7865551710128784
1.393140435218811
0.7592311501502991
1.1391085386276245
1.122132420539856
0.9842491149902344
0.7542906403541565
0.7093449234962463
0.7597547769546509
0.6710690259933472
0.7456775903701782
0.7196999192237854
0.8651936054229736
1.1800806522369385
0.6728612780570984
0.6693657636642456
0.6248498558998108
0.7271376848220825
0.9601535201072693
0.885314404964447
0.6659963130950928
0.5930453538894653
0.6003561019897461
0.7539721131324768
0.660328209400177
0.6197974681854248
0.6929572224617004
0.7364798784255981
0.5367541313171387
0.6795089840888977
0.5805263519287109
0.40238630771636963
0.2799549400806427
0.21973729133605957
0.5464628338813782
0.4428006410598755
0.34002217650413513
0.2602944076061249
0.17769423127174377
0.031371667981147766
0.1552402675151825
0.423888623714447
0.1588382124900818
0.4191933870315552
-0.00027951598167419434
-0.30488476157188416
-0.3284824788570404
0.24128566682338715
-0.3971937894821167
-0.5725082159042358
-1.0092954635620117
-1.1380842924118042
-1.2596594095230103
-0.4066067039966583
-1.2453640699386597
-1.5789976119995117
-1.5528596639633179
-1.4609105587005615
-1.7379229068756104
-1.9155550003051758
-1.9098751544952393
-2.098741054534912
-1.5708239078521729
-2.3455963134765625
-2.201932907104492
-2.3352601528167725
-2.35379695892334
-2.193971633911133
-1.6156349182128906
-2.219500780105591
-2.491914749145508
-2.654897928237915
-2.0875632762908936
-2.7288806438446045
-2.1538710594177246
-2.77756404876709
-2.800992250442505
-2.6883544921875
-2.363187551498413
-2.895395278930664
-2.8128347396850586
-2.962217330932617
-3.239781141281128
-2.4594027996063232
-2.8048415184020996
-2.7809019088745117
-2.290890693664551
-2.983989715576172
-2.6787214279174805
-3.108901023864746
-0.9935176372528076
-2.6782736778259277
-3.306966781616211
-3.186833381652832
-3.539618492126465
-3.147693634033203
-3.048452377319336
-3.146089553833008
-2.848879814147949
-2.9971885681152344
-2.6377878189086914
-3.2438089847564697
-3.026257038116455
-1.9792639017105103
-3.2462985515594482
-3.451253890991211
-3.516050100326538
-3.255042552947998
-3.230546474456787
-3.274439573287964
-3.037170648574829
-3.2923219203948975
-3.6115458011627197
-3.260261058807373
-3.2358670234680176
-3.0727622509002686
-3.321870803833008
-3.458402633666992
-3.4209818840026855
-3.45748233795166
-3.518249034881592
-3.479517936706543
-3.4822211265563965
-0.7078927159309387
1.0279831886291504
3.573948383331299
6.889772415161133
9.617597579956055
13.056856155395508
14.942983627319336
17.63616943359375
19.22783088684082
19.76969337463379
20.43474578857422
18.90079116821289
18.3624267578125
18.415395736694336
17.270843505859375
14.711210250854492
15.006061553955078
12.924467086791992
11.939972877502441
11.216422080993652
10.287906646728516
9.586504936218262
9.407957077026367
8.524259567260742
8.120704650878906
7.749936580657959
7.330226898193359
7.471253395080566
7.086461544036865
6.720867156982422
6.471127510070801
6.287403583526611
6.459025859832764
6.723430156707764
6.300779342651367
5.5050249099731445
6.263277530670166
5.95648193359375
5.6817474365234375
5.762335300445557
5.129764556884766
5.909727096557617
5.489169120788574
4.98885440826416
5.432979583740234
4.909189701080322
5.207026481628418
4.707129001617432
4.954921722412109
5.207096099853516
5.327113151550293
4.740495681762695
5.151037216186523
4.817386150360107
5.455984592437744
4.450263023376465
4.202932357788086
4.610325813293457
4.629270553588867
3.9476537704467773
4.806674003601074
4.674500465393066
4.377607345581055
4.296601295471191
4.649832725524902
4.3316850662231445
4.112616062164307
4.472556114196777
4.895205497741699
4.060400485992432
4.591367721557617
4.172184944152832
4.076775550842285
4.042455673217773
3.639336347579956
4.156791687011719
3.9525883197784424
4.92136287689209
4.225641250610352
3.5129876136779785
4.066163063049316
5.192473888397217
4.038999080657959
4.027143478393555
3.827636241912842
3.512010097503662
3.4587342739105225
4.284632205963135
4.0409345626831055
3.9604973793029785
3.821662425994873
4.395594596862793
4.069725036621094
3.8163743019104004
3.691589832305908
3.8796842098236084
3.7290687561035156
4.008251190185547
3.6106209754943848
3.8808937072753906
3.341209888458252
2.835176944732666
2.185753345489502
1.8744444847106934
0.4065147042274475
-0.9560669660568237
-2.4210805892944336
-4.9755706787109375
-5.882377624511719
-7.352149486541748
-8.188323974609375
-8.336479187011719
-7.9810051918029785
-5.470671653747559
-2.8748204708099365
0.5157259702682495
1.312910795211792
7.546757221221924
10.882533073425293
15.86189079284668
15.660271644592285
16.76004981994629
13.234033584594727
13.077852249145508
11.342565536499023
12.565486907958984
10.7955322265625
10.69755744934082
10.532096862792969
8.809562683105469
8.093934059143066
7.909260272979736
6.930856704711914
8.37567138671875
8.12289047241211
8.081899642944336
7.875163555145264
15.823287963867188
7.871105194091797
9.236725807189941
6.8185930252075195
7.954874038696289
7.282181739807129
7.211211204528809
8.456140518188477
5.505594253540039
6.564579486846924
6.44504451751709
7.087684154510498
6.738940238952637
6.770943641662598
2.6926488876342773
6.496319770812988
6.960095405578613
6.275506973266602
7.895646095275879
6.560940742492676
7.722105979919434
5.762202262878418
6.433189392089844
6.715868949890137
6.696493625640869
8.67806625366211
7.364123344421387
6.042392730712891
5.355393409729004
5.886267185211182
5.279880523681641
5.993617057800293
5.871268272399902
5.265323638916016
5.52275276184082
7.039168357849121
5.35786247253418
6.405791282653809
5.693397521972656
5.266830921173096
5.539937973022461
5.501750946044922
6.638278007507324
5.632730007171631
5.288925647735596
5.896714210510254
5.364891052246094
5.085482597351074
5.172416687011719
5.459916114807129
5.190876007080078
5.022828102111816
5.557660102844238
5.692715644836426
4.862644195556641
5.420722961425781
5.417731761932373
5.830717086791992
5.154430389404297
5.0674285888671875
5.012690544128418
4.890851974487305
4.873405456542969
4.74999475479126
4.714942455291748
4.346935272216797
4.184451580047607
3.808079957962036
3.3885867595672607
2.1238088607788086
1.7862653732299805
-2.3326382637023926
-11.330598831176758
-19.451635360717773
-33.21153259277344
-44.928855895996094
-53.757015228271484
-60.24706268310547
-63.64468765258789
-64.00224304199219
-57.85813522338867
-50.469207763671875
-40.000282287597656
-39.9140625
-41.517311096191406
-43.45819854736328
-45.62884521484375
-45.196197509765625
-47.50133514404297
-46.073429107666016
-47.492408752441406
-49.374046325683594
-50.4932861328125
-49.63905715942383
-51.128082275390625
-52.316802978515625
-54.73884582519531
-52.808258056640625
-53.181236267089844
-54.121788024902344
-64.1520767211914
-55.87770080566406
-53.10838317871094
-57.51367950439453
-48.38619613647461
-50.080421447753906
-53.40319061279297
-58.654178619384766
-58.373802185058594
-55.568782806396484
-58.417232513427734
-41.1129150390625
-58.34590148925781
-58.84019470214844
-57.845985412597656
-59.306270599365234
-62.065555572509766
-55.8144416809082
-62.04161834716797
-62.51958084106445
-58.12651443481445
-60.04081344604492
-57.68294906616211
-62.056846618652344
-60.6816520690918
-61.00537109375
-61.253753662109375
-63.073753356933594
-61.87519836425781
-62.78611755371094
-63.09248352050781
-62.97235870361328
-64.80139923095703
-54.279075622558594
-61.75844192504883
-61.43089294433594
-62.40681457519531
-61.569969177246094
-64.71065521240234
-64.20626831054688
-61.85356903076172
-64.00946044921875
-62.299461364746094
-62.92470932006836
-64.14309692382812
-64.65769958496094
-64.49658966064453
-67.16014862060547
-64.38556671142578
-65.38091278076172
-63.9652099609375
-64.57846069335938
-61.22406005859375
-66.02705383300781
-65.78775024414062
-63.903602600097656
-63.42303466796875
-65.5677719116211
-64.61810302734375
-66.09285736083984
-66.52790832519531
-57.7186164855957
-66.81490325927734
-28.63051414489746
12.899425506591797
52.98247528076172
93.70027160644531
132.14564514160156
149.68084716796875
147.0733642578125
143.52545166015625
173.6981201171875
146.93356323242188
151.05441284179688
132.31875610351562
134.39378356933594
123.25299072265625
124.71702575683594
113.56021881103516
113.62356567382812
107.06047058105469
101.54374694824219
102.41036987304688
103.30620574951172
100.79948425292969
98.4684829711914
95.21920013427734
92.35246276855469
91.21452331542969
86.19058990478516
84.35062408447266
82.03965759277344
81.83837890625
82.09095764160156
77.2153549194336
77.96531677246094
75.42959594726562
73.77061462402344
73.01638793945312
72.82308197021484
70.99359130859375
66.31658935546875
68.52883911132812
63.556461334228516
64.72058868408203
65.07454681396484
64.13815307617188
63.12595748901367
64.62702941894531
54.23667526245117
59.07113265991211
59.64068603515625
57.496246337890625
55.91416549682617
58.95924377441406
55.102928161621094
59.07655334472656
59.007286071777344
55.202354431152344
55.851341247558594
55.14061737060547
54.802574157714844
52.37339401245117
51.96753692626953
52.733070373535156
51.21660614013672
49.72998809814453
48.18947982788086
47.618141174316406
46.8599853515625
46.19811248779297
46.092926025390625
45.496482849121094
42.71030807495117
42.07208251953125
42.52924346923828
41.06911087036133
38.94801330566406
40.29035949707031
43.50299072265625
38.63258361816406
37.21721649169922
36.31370544433594
37.89802932739258
40.84049987792969
37.602783203125
34.356048583984375
35.59589767456055
34.61640548706055
34.10272216796875
34.58958435058594
34.583290100097656
33.79563522338867
34.682315826416016
36.3737907409668
34.015419006347656
33.20418167114258
30.631616592407227
33.28870391845703
32.85243225097656
31.950422286987305
31.517065048217773
30.388378143310547
30.04491424560547
29.00493621826172
26.118471145629883
22.336734771728516
19.60860824584961
14.624998092651367
6.6070637702941895
5.8341779708862305
1.4374098777770996
0.1960282325744629
-0.9493705034255981
-0.3003509044647217
2.749119281768799
6.819019794464111
14.405097007751465
21.159156799316406
23.86761474609375
33.7076416015625
37.91526794433594
45.02861022949219
43.525779724121094
42.700721740722656
40.283836364746094
37.83442687988281
39.56744384765625
39.013458251953125
38.48530578613281
38.76678466796875
35.54960250854492
37.67253112792969
36.77981185913086
34.95442581176758
33.10540008544922
41.721710205078125
34.438323974609375
35.70399475097656
34.427833557128906
34.21352005004883
31.497161865234375
33.36167526245117
33.28183364868164
31.86996078491211
30.867019653320312
29.536273956298828
30.445476531982422
34.171058654785156
31.813140869140625
33.61017990112305
29.467472076416016
30.63846206665039
29.782337188720703
27.171724319458008
30.402164459228516
29.067153930664062
28.960899353027344
27.39959144592285
27.743572235107422
29.673297882080078
26.88473129272461
27.361148834228516
29.783493041992188
26.73928451538086
28.511096954345703
28.964929580688477
28.3555908203125
23.311378479003906
27.18090057373047
26.021711349487305
31.782638549804688
31.152416229248047
24.398059844970703
26.370859146118164
29.87062644958496
26.74944496154785
27.616201400756836
27.367015838623047
27.513694763183594
26.145740509033203
25.691329956054688
26.701011657714844
25.3135986328125
26.135112762451172
22.714431762695312
24.579999923706055
28.54432487487793
26.559925079345703
24.56597137451172
23.82872772216797
22.59881591796875
25.493335723876953
24.237590789794922
24.791725158691406
24.5423583984375
24.084274291992188
25.502323150634766
21.987430572509766
24.676225662231445
24.038257598876953
24.729644775390625
23.81656837463379
23.27927017211914
20.49494171142578
15.596288681030273
11.38227367401123
9.876829147338867
3.0369348526000977
-7.093114852905273
-7.507328987121582
-4.499334335327148
-4.218087196350098
-9.516475677490234
-4.549821376800537
1.4237998723983765
7.419309139251709
13.566853523254395
23.663408279418945
29.91797637939453
36.86215591430664
38.08880615234375
42.948665618896484
41.44930648803711
38.61058807373047
37.11998748779297
36.33879852294922
35.47309494018555
34.033180236816406
35.15895080566406
31.108089447021484
32.26689147949219
32.638004302978516
30.004554748535156
33.75129699707031
31.55831527709961
29.69232940673828
31.67303466796875
29.443862915039062
30.873367309570312
29.077512741088867
28.73847770690918
31.284358978271484
35.560791015625
30.632041931152344
30.982391357421875
28.96004867553711
34.414886474609375
30.513683319091797
33.33172607421875
29.711050033569336
28.600296020507812
27.267126083374023
28.04737091064453
27.61536407470703
27.26950454711914
28.893661499023438
27.93975257873535
27.052749633789062
26.762149810791016
27.868793487548828
27.025283813476562
28.8866024017334
27.966577529907227
29.55731964111328
23.934589385986328
27.02178955078125
30.666643142700195
29.96880340576172
29.230255126953125
28.57950210571289
27.6700439453125
28.797313690185547
25.582218170166016
32.3487663269043
26.42538833618164
25.155811309814453
26.16162872314453
37.494773864746094
33.08079528808594
27.382980346679688
30.154394149780273
27.308557510375977
25.964277267456055
25.587055206298828
26.974285125732422
26.399507522583008
24.025981903076172
26.023624420166016
27.590009689331055
24.799049377441406
25.997304916381836
28.183692932128906
28.29827880859375
27.52973175048828
27.49121856689453
26.137630462646484
25.424148559570312
26.8265438079834
26.311107635498047
27.443988800048828
26.461610794067383
25.71224594116211
23.572589874267578
20.43783187866211
19.223634719848633
10.600711822509766
9.240116119384766
2.687248468399048
-3.102693796157837
-6.933946132659912
-12.418060302734375
-22.987245559692383
-29.250137329101562
-23.889251708984375
-24.52853775024414
-19.789691925048828
-16.358688354492188
-6.193108081817627
2.045135974884033
12.427751541137695
21.58477020263672
30.895273208618164
30.496139526367188
28.166278839111328
27.30298614501953
27.361705780029297
25.484161376953125
26.089168548583984
26.06749725341797
25.145591735839844
26.652759552001953
23.8695068359375
26.108903884887695
27.1621150970459
23.62635040283203
25.117351531982422
20.560213088989258
24.716691970825195
24.103225708007812
24.258726119995117
23.83565902709961
24.020862579345703
23.352632522583008
21.82626724243164
22.567991256713867
23.892799377441406
23.328659057617188
28.537822723388672
23.870437622070312
23.671035766601562
23.35822105407715
21.15420913696289
21.747779846191406
21.55438995361328
21.544300079345703
23.329299926757812
24.919082641601562
22.184680938720703
21.26155662536621
21.04983139038086
22.40850067138672
21.094205856323242
20.416080474853516
20.794300079345703
21.753799438476562
21.99357032775879
24.28030014038086
20.97078514099121
21.354331970214844
20.468814849853516
21.064903259277344
22.734392166137695
20.84430694580078
17.301700592041016
23.08916473388672
20.77469253540039
20.539443969726562
20.41543960571289
20.787097930908203
20.374881744384766
19.05017852783203
16.17041015625
21.565078735351562
23.90993881225586
20.305618286132812
20.6396484375
21.487289428710938
20.337814331054688
22.342559814453125
21.099910736083984
19.84616470336914
20.787662506103516
19.894121170043945
19.59549331665039
21.040420532226562
20.868316650390625
22.880929946899414
20.20757293701172
20.89046859741211
18.72960090637207
21.288911819458008
22.22651481628418
19.217063903808594
17.751995086669922
13.46860122680664
10.184377670288086
7.126704216003418
0.06493091583251953
-6.581551551818848
-16.130062103271484
-17.35978889465332
-13.448822021484375
-16.553714752197266
-17.179161071777344
-18.667530059814453
-15.927945137023926
-10.954950332641602
-4.153762340545654
4.802674293518066
9.998180389404297
18.41183090209961
27.972610473632812
26.13471221923828
30.63580322265625
26.62725830078125
26.28607177734375
26.88166046142578
20.38640785217285
28.092144012451172
28.945240020751953
27.17698097229004
29.074581146240234
26.661128997802734
21.948415756225586
27.030391693115234
22.986740112304688
26.481033325195312
24.587480545043945
22.130943298339844
20.027942657470703
26.112335205078125
24.835649490356445
23.381938934326172
24.756481170654297
25.819616317749023
23.49312973022461
18.443016052246094
29.990325927734375
23.667762756347656
24.517499923706055
22.849159240722656
22.682960510253906
24.043373107910156
25.404293060302734
27.976394653320312
22.14761734008789
21.740745544433594
25.46326446533203
23.961524963378906
25.217012405395508
22.45220184326172
22.77810287475586
26.476287841796875
22.45423126220703
24.478290557861328
22.506637573242188
16.205745697021484
22.1163330078125
20.968963623046875
23.02621078491211
21.442626953125
19.884933471679688
23.068836212158203
21.094823837280273
21.679950714111328
20.597429275512695
22.855621337890625
21.192171096801758
20.60045051574707
21.02786636352539
22.88070297241211
19.65819549560547
21.464094161987305
25.86978530883789
21.83141326904297
23.524715423583984
21.80959129333496
20.615123748779297
20.694734573364258
19.654876708984375
19.673728942871094
19.11231231689453
20.633785247802734
18.146318435668945
17.23751449584961
19.462356567382812
17.202625274658203
25.073711395263672
20.747821807861328
22.20208740234375
21.016246795654297
15.292110443115234
20.77151107788086
12.036699295043945
10.667313575744629
8.869385719299316
0.5501238107681274
-5.951930999755859
-9.94265079498291
-14.021312713623047
-20.65265464782715
-18.587570190429688
-18.8314208984375
-20.393831253051758
-20.16742515563965
-14.105779647827148
-15.437294960021973
-9.800392150878906
1.9440370798110962
5.396459102630615
18.593875885009766
22.92495346069336
24.377742767333984
22.063587188720703
23.080095291137695
24.029865264892578
28.47286033630371
22.284706115722656
25.815242767333984
24.583175659179688
19.95354652404785
19.17818260192871
18.219209671020508
21.747886657714844
19.833662033081055
20.074520111083984
19.659912109375
23.945636749267578
21.111515045166016
20.522701263427734
18.446882247924805
20.342182159423828
18.539012908935547
21.369171142578125
19.446880340576172
19.783355712890625
20.871315002441406
17.25347137451172
18.940692901611328
19.685373306274414
16.697357177734375
20.348833084106445
17.67017364501953
18.28874969482422
16.78202247619629
17.720821380615234
15.581928253173828
15.264196395874023
19.87889862060547
17.577953338623047
16.779380798339844
17.008941650390625
22.057044982910156
15.805967330932617
17.56454849243164
15.60446548461914
18.881031036376953
18.739151000976562
23.206653594970703
21.215190887451172
18.016279220581055
17.414886474609375
17.975059509277344
15.537582397460938
16.510011672973633
21.233699798583984
17.582988739013672
16.24193572998047
16.74038314819336
17.75120735168457
17.031572341918945
18.684795379638672
14.475334167480469
18.70676040649414
17.07122802734375
18.18212127685547
19.963340759277344
17.55307960510254
16.14511489868164
15.06577205657959
14.950586318969727
19.870059967041016
15.211793899536133
14.518453598022461
19.980566024780273
17.164794921875
19.56494903564453
15.77007007598877
15.499519348144531
19.80419158935547
14.945344924926758
16.1650447845459
15.924517631530762
14.370052337646484
10.334575653076172
7.8537983894348145
6.0575642585754395
1.4176769256591797
0.03414285182952881
-3.606736421585083
-3.7562341690063477
-5.277654647827148
-7.591231346130371
-6.562666893005371
-7.315774917602539
0.7457171678543091
0.9665777683258057
4.084211826324463
8.358837127685547
13.898931503295898
17.82931900024414
23.791610717773438
22.178558349609375
23.98102569580078
21.409156799316406
23.328296661376953
20.343284606933594
20.96991729736328
19.605239868164062
21.17862892150879
19.218082427978516
20.08303451538086
19.10842514038086
21.320735931396484
19.503902435302734
18.329849243164062
18.020877838134766
20.28817367553711
19.542272567749023
17.83298110961914
18.761072158813477
15.999713897705078
19.17873764038086
20.299325942993164
20.88597869873047
18.039260864257812
18.330251693725586
20.35986328125
18.9197998046875
16.944961547851562
17.033283233642578
16.347158432006836
16.811630249023438
17.525489807128906
18.490516662597656
15.088735580444336
17.11355209350586
15.662822723388672
16.75924301147461
18.067567825317383
15.90197467803955
14.921966552734375
17.611351013183594
16.197736740112305
15.724482536315918
16.060197830200195
17.366817474365234
15.415731430053711
15.810955047607422
18.305177688598633
18.036903381347656
16.879058837890625
16.41292381286621
12.881628036499023
17.96240997314453
16.14923095703125
19.381120681762695
15.046487808227539
17.730724334716797
16.607969284057617
17.822776794433594
14.793437957763672
15.41879653930664
14.362157821655273
14.497512817382812
14.50984001159668
17.048507690429688
15.553101539611816
16.417644500732422
14.80201530456543
16.25858497619629
18.504636764526367
13.854057312011719
14.18801498413086
15.793990135192871
14.149977684020996
15.503746032714844
14.673126220703125
17.449092864990234
15.305864334106445
13.085491180419922
12.496637344360352
16.831899642944336
20.09661865234375
15.603589057922363
14.326321601867676
13.513286590576172
6.396498680114746
4.753877639770508
6.504338264465332
4.2960920333862305
1.5046501159667969
1.837735652923584
-0.7180856466293335
-0.8751801252365112
0.9921146035194397
1.6376458406448364
0.15848368406295776
2.5137646198272705
2.901106595993042
6.486588478088379
8.889656066894531
5.699403762817383
7.264516353607178
7.3956298828125
5.73091459274292
5.536676406860352
7.85752010345459
5.248978614807129
2.644031524658203
2.547550678253174
6.251664161682129
2.7893333435058594
3.2421481609344482
0.9060386419296265
3.279508352279663
2.177912950515747
2.333397626876831
0.8937823176383972
2.5337154865264893
1.5510340929031372
0.15202850103378296
0.7883219718933105
-0.29639625549316406
0.0560213178396225
-1.5426719188690186
4.18019437789917
-1.6720166206359863
-1.7984049320220947
-1.8211641311645508
-3.055046558380127
-0.8036723136901855
-0.5025287866592407
-2.4780006408691406
-1.7869411706924438
-3.220695972442627
-1.3491237163543701
-3.5397989749908447
-1.5801258087158203
-3.6768407821655273
-3.708634376525879
-4.69650936126709
-2.097014904022217
-4.759653091430664
-3.804980516433716
-2.9762461185455322
-3.3646938800811768
-5.020737171173096
-3.703587055206299
-3.084660053253174
-4.012255668640137
-5.360909461975098
-5.651426315307617
-4.306232452392578
-6.850522041320801
-5.092182159423828
-7.720911979675293
-4.774261474609375
-6.79300594329834
-6.7537455558776855
-4.629443168640137
-7.972245693206787
-8.540526390075684
-6.078468322753906
-5.606622695922852
-6.767406463623047
-8.450597763061523
-8.278188705444336
-8.516536712646484
-7.111082077026367
-7.730225563049316
-9.357812881469727
-6.514864444732666
-9.025465965270996
-7.4962663650512695
-7.92221736907959
-7.713608741760254
-9.67017936706543
-10.111151695251465
-9.265609741210938
-9.645360946655273
-8.954514503479004
0.7461463212966919
9.892499923706055
22.308761596679688
35.14888000488281
47.728858947753906
58.423805236816406
69.70390319824219
76.04080200195312
79.18781280517578
82.93104553222656
87.60812377929688
85.37525939941406
78.25099182128906
77.53582000732422
71.75538635253906
62.054542541503906
54.44978713989258
48.4080810546875
41.45465850830078
37.11380386352539
29.739791870117188
29.341156005859375
30.94287872314453
27.945920944213867
21.544536590576172
22.267650604248047
23.843730926513672
17.790250778198242
13.328737258911133
20.955791473388672
23.389286041259766
16.586200714111328
16.115976333618164
17.433019638061523
12.086642265319824
13.611686706542969
15.629777908325195
10.37352180480957
10.145096778869629
11.802329063415527
13.02166748046875
9.25651741027832
10.63381576538086
9.803614616394043
9.942893028259277
7.822293281555176
9.784573554992676
6.929355144500732
9.153524398803711
12.963678359985352
7.943360805511475
6.8508076667785645
6.65910530090332
4.322327136993408
4.440621376037598
5.195040225982666
2.925151824951172
3.677619695663452
3.273254871368408
1.8824762105941772
2.1786293983459473
1.5275708436965942
1.7811665534973145
0.3299891948699951
0.7794433832168579
3.4905014038085938
1.749307632446289
3.4369144439697266
1.5146492719650269
0.7450661063194275
-1.2286536693572998
-1.5279239416122437
0.22435182332992554
1.732311487197876
-0.17926251888275146
-1.169001817703247
0.8663315773010254
-1.6031651496887207
1.1381990909576416
-1.3742865324020386
3.49859619140625
0.533230721950531
-6.344026565551758
-2.062927722930908
-0.001655489206314087
0.943507194519043
-0.9105207920074463
2.128687858581543
-1.3650169372558594
-2.562913656234741
-2.6626405715942383
-3.4455671310424805
-1.0291754007339478
-4.308653831481934
-4.0793914794921875
-4.148656368255615
-1.539160966873169
-1.2947801351547241
-1.463030457496643
-2.025552272796631
2.898927688598633
16.6568603515625
34.33921813964844
49.24162292480469
67.50581359863281
82.95976257324219
94.30754852294922
104.75931549072266
115.20062255859375
117.45970153808594
119.85598754882812
113.01495361328125
109.51808166503906
108.39466094970703
99.8797607421875
84.87920379638672
76.98764038085938
67.70854949951172
54.57014465332031
52.472434997558594
57.31809997558594
45.94374084472656
50.92962646484375
52.280540466308594
47.65886688232422
48.729736328125
45.26827621459961
46.57168960571289
36.98975372314453
43.107643127441406
44.83590316772461
42.34097671508789
40.24300003051758
42.837303161621094
41.77045440673828
40.739356994628906
38.33147048950195
38.94194412231445
40.12028503417969
36.85894775390625
35.40751647949219
36.74047088623047
35.346153259277344
37.52915954589844
34.5078125
28.71539878845215
36.11531448364258
34.841896057128906
35.82231903076172
36.978477478027344
29.16787338256836
34.705238342285156
29.967357635498047
29.658695220947266
34.04693603515625
30.530033111572266
32.51385498046875
31.097002029418945
34.57621765136719
33.87254333496094
29.741125106811523
30.053848266601562
34.60523223876953
34.03955078125
34.17774200439453
30.86772346496582
37.297325134277344
30.086223602294922
32.299400329589844
34.176334381103516
28.106048583984375
27.44365882873535
31.369674682617188
27.734479904174805
32.749778747558594
32.77316665649414
29.60531234741211
36.28684997558594
29.318344116210938
28.854841232299805
29.8867130279541
28.317594528198242
29.354978561401367
28.18625259399414
38.016876220703125
28.4322509765625
27.860801696777344
29.901729583740234
28.424545288085938
27.768775939941406
25.962139129638672
27.461654663085938
22.04820442199707
27.575973510742188
28.288955688476562
26.82111358642578
29.324094772338867
26.43487548828125
29.416343688964844
28.243446350097656
24.39019775390625
16.920547485351562
12.410655975341797
3.363982677459717
-4.045356273651123
-11.665512084960938
-31.006284713745117
-27.197433471679688
-42.470611572265625
-40.725860595703125
-47.95415496826172
-46.822662353515625
-47.72725296020508
-36.5049934387207
-30.39109992980957
-18.56171226501465
-8.860515594482422
2.73539662361145
14.512746810913086
28.125011444091797
28.512557983398438
25.402812957763672
25.347949981689453
26.118541717529297
23.597824096679688
26.548603057861328
25.033611297607422
22.57333755493164
25.13219451904297
22.05988121032715
22.899730682373047
25.11459732055664
27.204532623291016
23.87165069580078
21.9730224609375
20.177967071533203
21.943695068359375
21.373762130737305
24.061847686767578
19.850780487060547
23.808124542236328
22.637203216552734
21.561859130859375
19.792781829833984
21.890884399414062
21.65174674987793
20.987836837768555
22.226299285888672
19.34511947631836
23.942913055419922
21.016098022460938
17.175458908081055
21.03240966796875
21.320035934448242
18.73876953125
19.965736389160156
19.184228897094727
21.558609008789062
22.196514129638672
19.09195327758789
25.271495819091797
24.10196304321289
19.28534698486328
18.896591186523438
20.718151092529297
16.858922958374023
17.296669006347656
21.020565032958984
17.536972045898438
18.837312698364258
21.203832626342773
17.14061737060547
17.0242919921875
19.759910583496094
17.2108154296875
17.396961212158203
19.22402572631836
19.532958984375
18.524900436401367
17.896739959716797
18.221946716308594
19.009078979492188
18.447956085205078
17.29657554626465
16.743425369262695
15.86577033996582
17.81918716430664
17.78337860107422
15.346590042114258
25.908721923828125
19.052980422973633
17.834165573120117
17.123321533203125
16.71083641052246
16.91246795654297
18.76479148864746
17.3157901763916
18.309608459472656
17.432226181030273
16.413496017456055
20.77532386779785
20.347957611083984
17.924890518188477
18.924072265625
18.27318000793457
15.56088924407959
13.051630020141602
12.78172492980957
9.834001541137695
8.73395824432373
9.362833023071289
7.416186332702637
0.757712721824646
8.925558090209961
9.067237854003906
7.293286323547363
8.19776725769043
9.568681716918945
8.626876831054688
10.006065368652344
13.392975807189941
10.552303314208984
10.092784881591797
10.93680191040039
9.780179023742676
10.057594299316406
10.89869499206543
9.280773162841797
8.660404205322266
9.916099548339844
8.105318069458008
8.362727165222168
8.798408508300781
10.278995513916016
9.919731140136719
6.471161842346191
6.412118911743164
7.210171699523926
5.938143730163574
7.262618064880371
6.046328067779541
5.6961669921875
7.694375991821289
6.488211154937744
6.600022315979004
4.056290626525879
4.813572406768799
5.980590343475342
6.965699195861816
6.241951942443848
5.450789451599121
8.052547454833984
4.132615566253662
5.233740329742432
5.612494468688965
4.953318119049072
6.813821315765381
6.071422576904297
4.492127418518066
5.533650875091553
4.9820098876953125
6.050461769104004
5.173354625701904
7.483609676361084
4.286965370178223
1.230405569076538
4.76399040222168
4.71903133392334
3.2770583629608154
3.669450044631958
-5.3975300788879395
4.8004350662231445
4.814170837402344
7.030605316162109
3.366030693054199
9.541954040527344
8.182737350463867
5.204510688781738
4.063174247741699
4.798908233642578
7.029869556427002
6.915936470031738
4.579849720001221
3.722654104232788
4.724510669708252
6.678903579711914
4.32514762878418
6.1356024742126465
2.89258074760437
2.744744300842285
7.504024505615234
3.802830696105957
4.588347434997559
4.138338088989258
8.464824676513672
7.496053695678711
4.5498247146606445
4.1598591804504395
5.100559234619141
3.819521188735962
13.826006889343262
20.963397979736328
40.84765625
52.770809173583984
65.0794906616211
80.48262023925781
84.63235473632812
91.7638168334961
97.39378356933594
97.77729797363281
95.7407455444336
92.34396362304688
85.28227233886719
83.50911712646484
72.85382080078125
66.56060791015625
57.472862243652344
49.092376708984375
40.81221008300781
35.78020477294922
32.509525299072266
34.85337829589844
32.46028518676758
31.365341186523438
31.562664031982422
31.430809020996094
30.717086791992188
31.15334701538086
31.45669174194336
31.750837326049805
29.355541229248047
29.521625518798828
28.31709861755371
28.141448974609375
26.808589935302734
27.939701080322266
26.773387908935547
26.569923400878906
25.43212890625
26.095491409301758
26.2882080078125
26.179855346679688
25.375438690185547
23.811420440673828
25.888057708740234
28.50052261352539
24.546714782714844
22.840534210205078
23.832977294921875
23.710912704467773
23.338890075683594
22.42321014404297
23.18039321899414
22.011619567871094
21.01325225830078
24.13585662841797
23.65648651123047
21.6494140625
23.83229637145996
22.091625213623047
21.10101318359375
20.970378875732422
25.965974807739258
20.419570922851562
20.1534423828125
21.855995178222656
20.74502182006836
23.21532440185547
21.195980072021484
22.653430938720703
20.89628028869629
21.576065063476562
20.32061767578125
19.70026397705078
22.6317138671875
21.412044525146484
21.336109161376953
22.070106506347656
19.61077880859375
20.433500289916992
21.579246520996094
24.406917572021484
18.3121337890625
19.935503005981445
19.843177795410156
21.50168228149414
20.630136489868164
21.306224822998047
20.912734985351562
22.200759887695312
19.263179779052734
20.86951446533203
25.805377960205078
25.924421310424805
20.631685256958008
22.35129737854004
20.214048385620117
20.753944396972656
20.108627319335938
20.811840057373047
